<?xml version="1.0"?>
<opencv_storage>
<cameraMatrix type_id="opencv-matrix">
  <rows>3</rows>
  <cols>3</cols>
  <dt>d</dt>
  <data>
    1.7161645382370566e+03 0. 9.5105671359120163e+02 0.
    1.7151560861880280e+03 5.7565289968745799e+02 0. 0. 1.</data></cameraMatrix>
<distCoeffs type_id="opencv-matrix">
  <rows>1</rows>
  <cols>5</cols>
  <dt>d</dt>
  <data>
    -3.7245786340065745e-01 2.0321854816992982e-01
    -5.3076160290630261e-04 2.4407461840169412e-03
    -9.4409388482253193e-02</data></distCoeffs>
<rms_error>8.8081641289168677e-02</rms_error>
</opencv_storage>
