<?xml version="1.0"?>
<opencv_storage>
<R type_id="opencv-matrix">
  <rows>3</rows>
  <cols>3</cols>
  <dt>d</dt>
  <data>
    9.9999548727817567e-01 2.2433412706992753e-03
    -1.9982100057846161e-03 -2.2407425332159193e-03
    9.9999664215872763e-01 1.3018234017754835e-03 2.0011237302769410e-03
    -1.2973400528583656e-03 9.9999715620225815e-01</data></R>
<T type_id="opencv-matrix">
  <rows>3</rows>
  <cols>1</cols>
  <dt>d</dt>
  <data>
    -8.8323649332753287e-02 6.0924830997689035e-04
    4.3736400196079636e-04</data></T>
<Q type_id="opencv-matrix">
  <rows>4</rows>
  <cols>4</cols>
  <dt>d</dt>
  <data>
    1. 0. 0. -9.7464724731445313e+02 0. 1. 0. -5.8869997406005859e+02 0.
    0. 0. 1.7166304276542105e+03 0. 0. 1.1321587803680979e+01
    -1.9734002960053797e+02</data></Q>
<E type_id="opencv-matrix">
  <rows>3</rows>
  <cols>3</cols>
  <dt>d</dt>
  <data>
    2.1992013724169642e-06 -4.3815293559656878e-04
    6.0867720670507554e-04 6.1410857888315119e-04
    -1.1360465117808104e-04 8.8322524213033868e-02
    -4.1133500285999737e-04 -8.8324719507836102e-02
    -1.1376438756258660e-04</data></E>
<F type_id="opencv-matrix">
  <rows>3</rows>
  <cols>3</cols>
  <dt>d</dt>
  <data>
    -3.7918015076944653e-10 7.5589521791774768e-08
    -2.2325803320678394e-04 -1.0594070447505824e-07
    1.9609615566694434e-08 -2.6059111445226185e-02
    1.8701915596003779e-04 2.6110652495527312e-02 1.</data></F>
<rms_error>3.6480806845396746e-01</rms_error>
</opencv_storage>
